The format of the solution file is as follows:

instance_name  f_obj
k(1) k(2) ... k(n)

where f_obj is the objective value of the obtained best solution and n is the number of items of the instance, while k(i)(i = 1, ..., n) is the knapsack to which item i is allocated. Note that k(i) is ranging from 0 to m-1 where m is the number of knapsacks and the knapsack m (i.e., k(i) = m) includes all the unallocated items.


==========maxgr = 100 generations
real_life_GQMKP-used.txt 16642.610000

19 12 30 7 9 2 40 25 35 5 21 11 17 37 11 25 27 15 27 39 15 23 35 37 40 13 5 24 27 23 24 30 5 17 23 39 15 13 30 15 35 26 25 13 12 17 21 39 39 12 30 10 11 21 21 2 19 23 29 29 2 7 2 0 23 27 15 29 23 21 25 2 21 30 19 13 0 13 32 23 19 17 12 26 29 23 35 15 27 13 21 26 32 21 2 23 19 9 17 17 24 13 30 21 28 21 23 0 0 28 9 19 12 21 0 30 21 12 12 13 32 15 5 23 39 12 13 32 34 35 29 10 39 27 21 24 29 0 17 20 39 28 25 21 26 35 13 17 17 33 37 33 31 16 26 9 20 7 33 5 16 14 18 16 4 22 37 33 11 34 24 4 4 8 28 22 36 40 1 5 18 20 8 23 4 6 23 1 30 6 26 22 37 18 20 9 8 16 14 20 6 26 20 1 33 32 8 36 22 33 18 26 1 36 20 23 37 10 8 4 5 4 26 9 7 6 5 11 5 5 34 40 10 5 4 22 5 5 38 34 20 16 11 8 1 36 22 25 31 38 14 10 5 16 18 31 8 10 33 4 18 38 38 34 31 8 24 31 33 7 31 22 32 18 23 20 28 20 20 10 6 5 14 1 32 36 16 5 20 30 31 16 14 6 4 36 7 15 16 38 40 3 40 40 40 40 3 40 40 40 40 40 40 40 40 40 40 3 40 3 40 40 40 40 40 3 40 40 40 3 3 40 3 3 40 40 40 3 40 40 40 40 40 40 40 40 3 40 40 40 40 40 40 40 3 40 40 40 40 40 40 3 40 3 40 40 40 40 40 40 40 40 40 40 40 40 40 40 40 40 40 40 40 40 40 40 40 40 40 40 40 40 3 40 40 40 40 40 40 40 40 40 40 3 40 40 40 40 3 40 40 40 40 40 40 40 40 40 3 40 40 40 40 40 40 40 40 40 40 40 40 40 40 40 40 40 3 40 40 3 40 3 3 40 40 40 40 40 40 40 40 40 40 40 40 3 40 3 3 40 40 40 40 40 40 40 40 40 40 40 40 40 40 40 40 40 40 40 40 40 3 3 40 40 40 40 40 40 40 40 40 3 40 40 40 40 3 40 40 40 



==========maxgr = 500 generations
real_life_GQMKP-used.txt 16712.210000

35 12 25 19 29 29 7 34 35 5 5 26 35 12 7 24 30 29 27 35 19 0 30 9 7 13 5 24 27 0 19 9 5 17 0 39 19 0 25 12 25 30 11 13 12 17 21 35 32 12 25 39 11 0 21 13 9 21 23 24 17 40 9 23 13 27 19 24 0 0 26 17 21 30 28 13 23 13 29 21 15 0 12 30 29 4 35 25 27 13 0 11 2 17 17 0 7 23 21 2 39 9 25 21 15 21 28 2 2 15 37 28 12 17 2 11 17 5 24 13 13 23 32 21 39 12 21 32 40 19 37 15 23 27 21 39 0 2 21 33 39 15 27 0 26 29 35 17 0 9 22 32 31 20 30 16 20 30 8 5 18 14 20 6 4 34 37 8 26 28 38 11 20 8 38 34 16 40 36 5 36 32 33 0 38 20 32 1 25 18 34 31 16 6 5 38 33 4 37 32 1 26 20 10 18 18 33 16 34 8 33 7 10 36 5 5 1 4 31 12 5 4 26 6 25 8 5 26 32 5 28 40 4 5 9 10 5 5 22 28 8 18 24 33 36 38 14 34 31 37 14 16 32 18 20 1 18 4 8 4 33 1 22 11 31 33 34 31 8 22 10 26 32 6 25 20 38 32 32 36 31 5 14 10 20 36 4 33 20 25 6 10 14 6 6 16 7 19 18 22 40 3 40 40 40 40 3 40 40 40 40 40 40 40 40 40 40 3 40 3 40 40 40 40 40 3 40 40 40 3 3 40 3 3 40 40 40 3 40 40 40 40 40 40 40 40 3 40 40 40 40 40 40 40 3 40 40 40 40 40 40 3 40 3 40 40 40 40 40 40 40 40 40 40 40 40 40 40 40 40 40 40 40 40 40 40 40 40 40 40 40 40 3 40 40 40 40 40 40 40 40 40 40 3 40 40 40 40 3 40 40 40 40 40 40 40 40 3 3 40 40 40 40 40 40 40 40 40 40 40 40 40 40 40 40 40 40 3 40 3 40 40 3 40 40 40 40 40 40 40 40 40 40 40 40 3 40 3 3 40 40 40 40 40 40 40 40 40 40 40 40 40 40 40 40 40 40 40 40 40 3 3 40 40 40 40 40 40 40 40 40 3 40 40 40 40 3 40 40 40 
