The format of the solution file is as follows:

instance_name  f_obj
k(1) k(2) ... k(n)

where f_obj is the objective value of the obtained best solution and n is the number of items of the instance, while k(i)(i = 1, ..., n) is the knapsack to which item i is allocated. Note that k(i) is ranging from 0 to m-1 where m is the number of knapsacks and the knapsack m (i.e., k(i) = m) includes all the unallocated items.

./instances/first_set/5_1.inc 2835.300000
3 3 2 3 3 2 3 1 1 1 0 3 0 3 2 3 3 0 3 3 3 0 3 0 0 3 3 3 0 3

./instances/first_set/5_2.inc 3304.800000
0 3 3 1 3 0 3 0 3 0 1 1 3 0 3 2 3 3 2 2 3 3 3 3 2 2 3 3 2 3 

./instances/first_set/5_3.inc 1756.300000
0 0 3 1 0 3 3 0 3 3 3 2 2 1 1 3 3 3 3 3 3 3 3 3 3 3 1 3 3 3 

./instances/first_set/6_1.inc 346.400000
1 1 1 0 0 1 0 0 1 1 0 1 0 1 0 0 1 1 1 0 1 1 0 0 1 0 1 1 0 1 

./instances/first_set/6_2.inc 554.000000
1 1 1 0 0 1 1 1 1 1 0 0 1 0 1 1 0 1 0 0 1 1 1 1 1 0 1 0 0 0 

./instances/first_set/6_3.inc 428.700000
0 1 0 0 1 1 1 0 1 0 1 1 1 0 0 1 1 1 1 0 1 0 1 0 0 0 0 1 1 1 

./instances/first_set/8_1.inc 318.010000
3 2 2 3 1 3 3 0 2 2 0 3 3 0 2 0 3 3 0 0 1 1 1 3 1 1 1 1 3 1 

./instances/first_set/8_2.inc 374.300000
3 1 3 1 0 3 2 2 0 3 1 1 0 3 3 0 2 3 0 2 2 3 3 0 3 3 2 2 3 2 

./instances/first_set/8_3.inc 556.570000
3 0 2 1 3 3 0 2 0 2 3 1 3 3 2 1 0 0 0 0 3 3 1 1 1 1 3 1 3 1 

./instances/first_set/15_1.inc 91.540000
1 0 1 0 0 0 0 1 1 1 1 1 0 0 0 1 0 1 0 0 0 1 1 1 1 0 1 0 0 1 

./instances/first_set/15_2.inc 306.380000
1 1 1 0 1 1 0 0 1 1 1 0 1 0 1 0 0 1 1 0 1 0 0 0 1 0 1 0 0 1 

./instances/first_set/15_3.inc 75.620000
1 0 1 1 1 0 0 0 0 1 1 1 1 1 0 1 1 1 0 1 0 0 0 1 1 0 1 0 0 0 

./instances/first_set/18_1.inc 5387.700000
0 0 0 0 0 0 1 0 0 0 0 0 0 0 1 0 0 0 0 0 1 1 0 0 0 0 0 0 0 1 

./instances/first_set/18_2.inc 8551.080000
0 0 1 0 0 0 0 0 0 0 1 0 1 0 0 0 0 0 0 0 0 0 0 0 0 0 1 0 0 0 

./instances/first_set/18_3.inc 7760.510000
1 0 0 0 0 0 1 0 0 0 0 0 0 0 0 0 1 0 0 0 0 0 0 0 0 0 0 0 0 1 

./instances/first_set/20_1.inc 1599.850000
0 0 0 0 1 0 0 1 0 1 0 1 1 0 1 0 0 0 0 0 0 0 0 0 0 0 0 0 0 0 

./instances/first_set/20_2.inc 925.590000
0 0 0 0 0 0 0 0 0 1 0 1 0 0 1 0 0 0 1 0 0 1 0 1 0 0 0 0 1 0 

./instances/first_set/20_3.inc 931.330000
0 0 0 0 0 0 0 1 0 0 0 0 0 1 0 1 0 0 1 0 1 0 0 0 0 1 0 0 0 0 

./instances/first_set/22_1.inc 1923.610000
0 3 2 2 3 3 2 3 2 2 2 3 2 2 3 3 2 3 3 2 3 3 3 3 2 3 3 3 3 2 

./instances/first_set/22_2.inc 1314.090000
0 0 1 3 3 0 3 3 0 0 0 0 0 3 0 0 0 0 0 0 0 3 0 3 3 3 0 3 3 0 

./instances/first_set/22_3.inc 1799.090000
3 0 1 2 3 3 3 3 2 3 2 3 3 3 2 2 2 2 2 2 2 2 2 3 2 2 2 3 3 2 

./instances/first_set/23_1.inc 503.000000
1 3 1 3 3 3 2 3 3 2 3 3 1 3 2 0 2 3 3 2 0 2 2 3 3 3 0 2 1 0  

./instances/first_set/23_2.inc 989.700000
3 1 1 2 1 1 0 0 3 0 3 3 2 2 2 2 2 2 2 2 2 3 3 3 3 0 2 3 3 2 

./instances/first_set/23_3.inc 1241.000000
3 3 3 3 1 0 0 2 2 3 1 3 0 2 1 1 1 1 1 1 1 1 3 1 3 0 1 1 1 1 

./instances/first_set/25_1.inc 2118.330000
3 2 3 3 3 3 3 3 3 3 3 1 3 3 3 1 0 3 0 3 1 1 0 3 3 3 2 0 0 2 

./instances/first_set/25_2.inc 4262.640000
3 1 3 1 3 3 3 3 3 3 2 3 0 2 1 0 2 3 3 1 0 2 3 0 3 1 3 3 0 3 

./instances/first_set/25_3.inc 2962.060000
3 3 3 3 3 3 2 1 3 3 3 3 3 2 0 1 1 1 0 0 0 3 1 3 0 3 3 2 1 3 

./instances/first_set/26_1.inc 1747.600000
1 1 0 0 1 0 0 0 0 1 0 1 0 1 1 1 0 0 0 0 0 0 0 0 0 0 1 0 0 0 

./instances/first_set/26_2.inc 2433.600000
0 0 0 0 0 0 0 1 1 0 1 0 0 1 0 0 0 0 0 0 0 0 0 0 0 0 0 0 0 0

./instances/first_set/26_3.inc 2293.200000
1 0 0 0 1 1 0 1 0 0 0 0 0 0 0 0 0 0 0 0 0 0 0 0 1 0 0 0 0 0 

./instances/first_set/27_1.inc 2247.950000
1 0 1 0 0 1 1 0 1 0 0 1 1 1 1 1 0 0 1 1 0 1 1 0 0 0 1 1 1 1 

./instances/first_set/27_2.inc 1966.520000
1 1 0 0 0 1 1 0 1 1 1 0 0 1 0 0 0 0 0 0 0 0 0 0 1 1 1 0 1 0 

./instances/first_set/27_3.inc 1383.490000
0 0 1 0 0 0 0 1 0 0 1 0 0 1 1 0 0 0 0 0 0 0 1 1 0 0 0 1 1 0 

./instances/first_set/28_1.inc 978.800000
1 1 1 1 1 1 0 1 1 1 0 1 0 0 1 1 1 1 0 0 0 1 0 0 0 0 1 0 1 1

./instances/first_set/28_2.inc 4036.000000
1 1 1 1 1 1 0 1 0 1 0 0 1 1 1 0 0 0 0 0 0 0 1 0 0 0 1 0 0 1 

./instances/first_set/28_3.inc 2634.000000
1 0 1 0 0 1 0 0 1 0 1 1 1 1 0 0 0 0 0 0 0 0 1 1 1 1 0 0 0 1 

./instances/first_set/29_1.inc 1935.800000
2 3 3 3 3 0 2 0 3 0 3 0 0 2 2 0 2 2 3 0 3 3 3 2 3 2 2 2 3 3 

./instances/first_set/29_2.inc 2820.000000
2 3 2 2 3 3 2 2 3 3 3 2 2 3 2 2 2 2 2 2 2 3 2 3 2 3 3 2 2 3 

./instances/first_set/29_3.inc 3285.600000
0 0 3 0 3 0 3 0 3 3 0 0 3 0 0 0 0 0 0 0 0 0 3 0 3 0 0 3 3 3 

./instances/first_set/30_1.inc 721.390000
3 2 1 2 1 3 0 2 3 3 3 3 3 0 2 0 3 3 1 3 3 3 3 1 3 3 2 3 3 3 

./instances/first_set/30_2.inc 612.590000
1 3 2 3 0 3 0 2 0 3 1 0 3 3 2 2 0 2 0 2 0 3 2 3 0 0 3 3 3 3 

./instances/first_set/30_3.inc 1032.350000
1 0 3 3 2 2 2 3 3 3 0 3 1 0 0 0 0 0 2 2 0 3 3 2 3 0 0 3 0 3 

./instances/first_set/31_1.inc 507.900000
2 0 3 2 0 0 2 0 3 1 1 1 3 3 0 2 0 1 3 1 1 3 0 3 0 1 2 2 1 3 

./instances/first_set/31_2.inc 666.000000
0 2 0 1 0 1 0 3 3 2 1 1 0 0 2 2 1 2 2 1 1 1 2 1 2 1 1 1 3 2 

./instances/first_set/31_3.inc 538.400000
0 3 1 0 3 1 3 0 1 2 2 2 2 2 1 0 1 1 0 1 1 0 3 3 3 0 2 1 2 0 

./instances/first_set/32_1.inc 11425.200000
0 0 0 0 0 0 0 1 0 0 1 0 0 0 0 1 0 0 0 0 0 0 0 0 0 1 1 0 0 0 

./instances/first_set/32_2.inc 15914.200000
0 0 0 0 0 0 0 0 0 0 0 0 1 0 0 0 0 0 0 0 0 0 0 0 0 0 0 0 0 0

./instances/first_set/32_3.inc 19273.500000
0 0 0 0 0 0 0 0 0 0 0 0 0 0 0 0 0 0 0 0 0 0 0 0 0 0 0 0 0 0 

./instances/second_set/1_1.inc 5176.490000
7 10 10 7 7 3 0 8 2 9 6 3 2 10 2 10 10 0 7 5 1 10 5 10 9 6 3 7 10 0 9 1 8 2 6 10 9 3 10 8 10 2 10 0 4 3 3 10 8 0 8 5 5 4 0 5 8 10 2 10 6 1 8 10 10 10 3 1 2 8 3 2 10 10 9 8 6 0 5 8 10 0 7 4 1 8 1 9 9 10 0 0 0 2 9 10 7 7 7 9 5 1 6 10 9 4 6 8 3 10 2 9 4 1 10 8 6 10 10 2 3 3 2 7 8 5 10 10 10 6 10 4 6 2 8 7 2 3 4 4 0 10 2 0 1 4 10 5 8 8 6 10 10 9 5 1 6 10 10 6 6 7 3 10 4 4 10 9 10 10 1 10 8 10 6 8 5 8 10 9 10 3 0 10 6 10 7 0 8 9 5 9 8 5 10 0 0 6 9 10 2 1 2 2 3 10 7 3 3 3 6 2 2 7 10 10 10 3 10 9 10 4 10 6 5 10 3 9 1 1 6 5 1 10 10 10 3 8 10 10 8 0 6 8 2 8 5 4 10 1 9 7 1 5 3 7 9 9 10 7 1 2 4 10 0 2 10 3 7 10 1 2 0 1 2 1 10 10 2 9 5 6 7 7 2 4 4 1 2 2 10 10 0 8 4 2 9 10 0 5
 
./instances/second_set/1_2.inc 4926.240000
9 8 4 10 4 4 0 7 9 6 10 6 0 6 7 10 0 4 10 3 2 5 4 3 10 6 0 8 3 5 10 4 10 8 4 10 6 6 10 9 1 0 10 1 8 1 8 2 9 0 10 9 1 3 2 5 3 7 7 10 5 4 10 10 4 2 2 3 10 6 8 6 8 1 4 7 10 10 9 2 10 10 3 5 10 10 3 2 7 5 3 2 10 4 10 10 9 10 10 10 3 10 5 0 5 10 0 0 10 10 1 10 0 7 2 7 2 7 8 2 2 0 10 5 10 7 9 10 2 10 7 7 10 7 4 2 7 0 5 4 4 0 2 4 7 9 4 8 9 3 6 5 6 5 3 3 4 8 0 5 9 9 5 8 10 4 1 10 4 2 1 4 3 2 9 5 10 10 2 7 5 10 8 6 10 0 8 8 1 1 4 1 9 7 4 10 2 10 5 5 10 3 8 9 9 6 2 0 0 10 6 0 8 0 10 5 6 7 9 2 2 10 4 10 1 6 10 0 10 2 10 0 10 0 4 5 6 10 10 6 3 3 4 7 1 2 7 10 10 9 1 9 10 5 2 8 10 8 0 10 7 1 5 6 1 10 7 7 2 3 10 4 10 10 0 1 7 5 10 10 9 10 7 5 8 0 10 10 10 1 4 7 8 0 10 10 10 5 8 10 

./instances/second_set/1_3.inc 5952.060000
10 5 10 0 1 6 8 10 10 7 7 10 6 8 2 0 10 2 0 10 9 10 0 1 5 9 10 8 4 6 10 10 10 7 6 1 8 8 7 10 10 4 10 8 6 6 1 8 0 1 8 8 8 6 3 8 7 5 0 9 4 9 2 1 0 9 9 10 3 3 3 10 0 1 8 3 5 6 5 2 10 8 0 10 5 9 5 10 2 2 3 2 9 6 3 9 8 7 4 8 9 10 10 10 7 7 0 7 6 6 6 2 10 10 10 10 5 6 0 4 10 3 5 10 10 5 7 10 2 5 10 6 3 6 4 10 6 1 10 3 5 0 2 5 8 7 10 10 9 6 10 9 9 1 3 0 1 5 9 9 10 7 10 4 8 6 7 10 4 1 2 8 10 9 2 10 5 4 5 4 1 3 8 9 0 1 8 4 6 1 7 1 8 1 7 10 6 5 5 3 8 7 3 1 10 10 4 4 10 3 10 9 4 2 10 10 5 10 7 0 1 5 0 10 10 0 10 0 10 10 10 6 7 4 3 8 9 9 10 10 10 4 7 9 10 3 10 1 2 6 10 0 10 5 0 1 6 7 1 2 10 9 10 7 6 5 4 8 4 8 2 2 10 6 7 10 6 6 8 0 8 9 10 10 6 10 8 2 1 10 10 10 8 0 10 10 1 4 5 8 

./instances/second_set/2_1.inc 2611.190000
15 15 30 28 22 21 30 24 6 20 21 30 23 30 25 2 30 9 1 30 27 11 7 30 21 30 30 21 30 22 9 30 5 13 3 26 30 30 30 17 28 3 30 0 30 30 30 18 17 29 11 30 8 21 7 30 22 27 26 30 24 29 7 19 1 4 24 8 5 16 25 26 2 4 5 19 20 3 19 30 25 30 13 30 4 18 23 17 30 30 14 11 30 30 6 30 30 14 21 8 25 23 30 30 30 30 27 2 6 30 30 30 1 30 30 4 26 30 30 23 30 1 30 12 18 30 13 30 29 30 11 5 30 22 16 6 27 15 30 25 19 7 30 30 22 0 20 0 12 30 30 30 30 30 30 30 30 30 30 30 30 30 30 30 30 30 30 30 30 30 30 30 30 30 30 30 30 30 30 30 30 30 30 10 30 30 30 30 30 30 30 30 30 30 30 30 30 30 30 30 30 30 30 30 30 30 30 30 30 30 30 30 30 30 30 30 30 30 30 30 30 10 30 30 30 30 30 30 30 30 30 30 30 30 30 30 30 30 30 30 10 30 30 30 30 30 30 30 30 30 30 30 30 30 30 30 30 30 30 30 30 30 30 30 30 10 30 30 10 30 30 30 30 30 30 10 30 30 30 30 30 30 30 30 10 30 30 30 30 30 10 30 30 30 30 30 30 30 30 30 

./instances/second_set/2_2.inc 2293.890000
27 10 15 5 26 9 30 30 23 0 11 30 30 30 9 14 12 4 30 9 17 29 6 19 30 30 8 17 30 22 0 30 30 3 23 30 14 10 26 9 30 28 30 22 30 30 18 30 30 3 30 8 30 24 26 29 14 13 24 2 27 1 15 6 30 8 22 23 0 4 15 21 10 30 7 30 27 2 30 30 3 29 30 9 30 17 16 30 30 15 7 21 11 25 28 30 30 10 21 2 18 28 30 16 13 30 15 30 13 26 30 17 16 11 18 27 2 25 19 12 24 6 30 27 1 30 30 1 25 19 30 1 5 18 30 30 5 5 29 18 6 30 28 23 12 30 17 30 30 30 30 30 30 30 30 30 30 30 30 30 30 30 30 30 30 30 30 30 30 30 30 30 30 30 30 30 30 30 30 30 30 30 30 30 30 30 30 20 30 30 30 30 30 20 30 30 30 30 30 30 30 30 30 30 30 30 30 30 30 30 30 30 30 30 30 30 30 30 20 30 20 30 30 30 30 30 30 30 30 20 30 30 30 30 30 30 30 30 30 30 30 30 30 30 30 30 30 30 30 30 30 30 30 30 30 30 30 30 30 30 30 30 30 30 30 30 30 30 30 30 30 30 30 30 30 30 30 30 30 30 30 30 30 20 30 30 30 30 30 30 30 30 30 30 30 30 30 30 20 30 

./instances/second_set/2_3.inc 2583.640000
14 30 14 30 30 30 17 30 29 29 30 27 30 30 30 23 22 30 21 8 24 10 30 2 25 19 18 16 6 30 20 1 30 30 16 30 13 26 6 30 20 30 30 30 30 30 15 11 30 30 0 30 30 27 30 3 30 27 12 21 29 13 19 18 19 27 0 30 16 29 30 1 30 23 26 7 28 2 21 30 10 12 26 3 22 22 30 30 24 30 10 8 30 11 16 1 4 30 23 0 20 8 30 25 0 30 30 6 14 30 14 30 30 28 0 17 16 12 25 10 30 8 1 3 30 21 15 28 2 30 7 28 30 7 30 24 13 4 0 26 3 30 11 30 27 7 22 9 17 9 30 30 30 30 30 30 30 30 30 30 30 30 30 30 30 30 30 30 30 30 30 30 30 30 30 30 30 30 30 30 30 30 30 30 30 30 30 30 30 30 30 30 30 30 30 30 30 30 30 30 30 30 30 30 30 30 30 30 30 30 30 30 30 30 30 30 30 30 30 30 30 30 30 5 30 30 30 30 30 30 30 5 30 30 30 5 30 30 30 30 30 30 30 30 30 30 30 30 30 30 30 30 30 30 30 30 30 30 30 30 30 30 30 5 30 30 30 30 30 5 30 30 30 30 30 30 30 30 30 30 30 30 30 5 30 30 30 30 30 30 30 5 30 30 30 30 30 30 30 30 

./instances/second_set/3_1.inc 35320.300000
1 6 1 0 8 3 8 0 0 3 0 9 2 6 4 1 4 8 8 6 6 4 1 8 4 6 3 9 8 4 3 1 0 4 1 6 0 9 8 9 9 4 9 6 0 9 3 1 0 1 3 3 6 6 3 9 3 8 2 4 4 9 9 1 4 2 3 0 8 0 3 3 8 3 2 5 6 8 1 9 8 4 6 2 3 0 0 0 3 8 8 4 6 6 4 3 2 2 2 6 4 9 9 6 1 4 3 6 9 1 8 0 6 1 3 4 8 2 1 1 1 2 6 2 8 1 1 8 4 0 6 0 9 2 2 9 6 2 6 1 0 4 6 1 1 4 2 8 8 0 5 10 10 5 10 5 10 10 10 5 10 10 5 10 10 10 10 10 10 10 10 10 10 5 10 10 10 10 5 5 10 5 10 10 10 10 10 10 10 10 10 5 10 10 10 10 10 5 10 5 5 10 10 10 10 10 10 10 5 5 10 10 5 10 10 10 5 5 5 10 10 10 10 10 10 5 10 10 10 5 5 10 10 5 5 10 10 5 5 5 5 10 10 10 10 10 5 10 5 10 5 10 10 10 10 10 5 10 10 10 10 5 10 10 5 5 5 5 10 10 10 10 10 5 5 5 5 10 10 10 5 10 10 10 10 10 10 10 10 5 5 10 5 10 10 10 5 10 10 5 

./instances/second_set/3_2.inc 43326.300000
8 6 3 4 1 8 0 5 3 8 5 6 4 0 4 6 6 5 7 6 4 7 4 7 7 8 1 5 0 7 5 8 1 3 6 6 8 5 8 4 7 7 3 0 6 4 0 0 3 1 1 5 0 0 7 6 0 1 7 3 6 5 4 8 3 0 6 5 4 6 3 5 1 5 1 3 6 7 7 10 8 6 3 7 8 1 8 3 1 0 4 3 1 8 5 7 6 8 0 7 5 4 5 6 7 3 8 8 4 5 5 0 5 1 3 4 7 4 5 4 4 5 5 4 1 0 1 3 7 8 1 3 6 4 0 3 1 4 7 1 1 3 8 7 6 5 6 8 1 1 10 2 10 10 10 10 2 10 10 2 10 2 2 10 10 10 10 10 10 10 2 2 2 10 10 2 2 2 10 2 10 10 10 10 10 10 2 2 2 10 10 10 10 10 10 2 2 10 10 10 10 10 10 10 10 10 10 10 2 10 10 2 10 10 10 10 2 10 2 10 10 2 2 2 10 10 2 10 10 10 10 10 10 2 10 10 10 2 2 10 2 10 2 2 10 2 10 10 10 2 10 10 2 10 10 10 2 2 10 10 10 2 10 10 10 10 2 10 10 10 10 10 2 10 10 10 2 10 10 2 10 10 10 2 10 10 10 10 2 10 10 2 10 10 2 10 10 10 10 10 

./instances/second_set/3_3.inc 35996.800000
9 1 6 1 3 1 5 5 7 7 8 2 1 9 7 2 9 5 9 5 3 7 1 7 3 5 7 1 2 10 9 8 9 6 1 1 2 2 3 1 3 2 8 3 6 7 3 7 2 1 6 9 2 3 7 7 3 3 9 8 5 2 1 3 9 3 8 7 9 3 8 1 6 9 6 5 9 3 3 5 9 8 5 5 6 2 8 6 7 6 2 7 1 1 1 7 7 9 8 8 6 5 7 0 8 2 2 3 9 6 6 5 1 3 2 1 1 5 2 8 3 8 2 8 1 7 5 8 8 5 5 1 2 9 3 2 9 5 7 8 8 6 5 9 1 2 7 6 3 5 10 0 0 10 10 10 0 10 0 10 0 10 10 0 10 0 10 10 10 10 10 10 0 10 10 10 0 10 10 0 0 0 0 10 10 10 0 10 10 10 0 10 0 10 10 0 10 0 0 0 10 10 10 10 0 0 10 0 10 10 0 10 10 10 0 10 0 10 0 10 10 10 10 0 10 10 0 0 10 10 10 0 0 10 10 10 0 0 0 10 10 10 0 10 10 10 10 10 0 10 10 0 0 10 10 10 0 10 0 10 10 10 10 10 0 10 10 10 10 10 10 10 0 0 0 10 10 10 10 10 10 0 10 10 10 0 0 10 10 10 10 10 0 10 10 10 10 10 10 10 

./instances/second_set/4_1.inc 9074.700000
9 2 10 6 3 10 1 2 3 10 4 10 6 6 10 1 10 9 9 2 10 1 0 1 10 10 10 2 4 10 10 10 3 6 10 5 3 10 4 10 10 10 2 8 10 3 0 10 10 10 10 10 10 0 10 10 10 0 10 6 7 10 10 10 2 3 10 10 9 10 5 10 10 3 10 10 7 10 5 8 10 0 5 10 10 3 10 10 5 10 10 5 0 0 10 10 6 10 10 1 0 10 2 8 9 10 10 10 10 2 10 5 10 6 10 9 10 2 10 0 10 10 10 10 10 10 10 10 10 10 5 10 6 10 10 3 4 3 1 3 7 10 10 9 7 10 0 5 10 10 8 3 10 6 10 5 10 5 8 10 1 1 10 10 10 10 3 7 10 10 10 10 3 5 6 9 10 1 10 7 10 8 10 10 4 1 2 10 9 4 10 6 10 8 10 5 2 4 10 10 10 10 10 4 6 4 10 10 8 4 10 10 0 6 10 10 10 2 10 8 9 10 10 3 10 10 10 6 8 10 7 10 9 10 7 9 10 10 10 10 10 4 10 10 10 10 10 10 6 10 10 10 10 10 6 4 10 10 0 0 5 10 8 10 10 10 0 10 10 0 10 10 2 5 10 10 9 10 1 10 10 5 1 5 10 8 5 7 10 10 7 4 10 8 9 7 10 5 1 9 

./instances/second_set/4_2.inc 8467.600000
10 10 10 10 10 10 4 4 10 2 9 10 10 10 10 10 10 10 0 2 10 4 10 5 10 10 10 10 10 10 10 10 10 10 8 10 10 10 10 10 2 0 10 10 6 10 10 5 5 0 7 8 10 10 10 3 0 1 8 10 2 10 10 9 5 10 10 10 2 10 3 10 2 10 5 1 5 1 10 10 10 0 0 5 10 10 7 1 0 10 10 10 10 10 5 10 6 10 6 10 10 5 10 10 8 10 10 10 5 10 5 10 10 10 7 4 3 9 10 2 10 10 10 10 5 4 1 10 10 10 10 8 10 10 6 3 5 10 10 4 5 10 10 10 1 6 0 10 10 10 4 10 2 3 10 10 9 10 5 10 6 10 8 10 4 3 10 10 10 4 10 9 8 10 10 0 0 1 7 10 10 9 10 6 0 7 6 5 6 10 9 3 3 10 10 4 0 8 10 10 1 3 10 7 10 10 3 10 10 10 10 10 3 10 0 10 3 4 6 10 10 10 10 10 7 10 10 10 10 10 10 10 3 10 6 6 7 10 8 9 1 2 10 4 10 4 10 4 9 10 10 10 5 10 10 0 1 1 5 10 9 10 4 8 8 9 7 7 7 8 10 10 10 2 10 2 9 4 2 10 10 10 10 10 7 1 8 6 7 4 10 2 2 10 8 6 4 4 6 4 

./instances/second_set/4_3.inc 8504.200000
10 6 8 3 8 4 8 7 9 2 8 10 10 10 1 10 10 9 10 2 10 5 10 10 0 9 10 1 10 10 0 10 10 10 3 4 10 10 3 10 10 10 10 5 10 4 10 1 10 10 0 10 10 10 6 10 10 6 10 10 10 7 2 10 10 9 10 2 3 10 10 3 4 10 10 8 4 10 4 10 10 10 10 10 0 10 10 10 5 10 10 10 10 10 10 2 4 9 10 6 7 10 10 10 9 8 5 10 10 10 5 1 10 10 10 1 1 10 0 10 10 7 10 10 1 10 10 10 10 10 10 10 10 8 10 10 5 10 4 4 8 10 10 3 10 10 10 10 10 10 10 10 5 10 7 6 2 10 7 10 0 4 1 1 10 10 0 10 10 7 9 9 5 10 6 2 1 0 10 10 10 10 8 10 5 5 10 10 10 8 2 6 5 1 10 3 10 9 9 6 10 10 0 6 9 7 10 9 5 10 7 9 4 5 10 1 5 10 9 0 10 10 0 4 2 10 10 10 9 8 7 10 9 6 9 10 8 6 10 3 10 10 10 10 8 5 4 3 10 10 10 6 2 10 3 7 4 7 2 7 1 10 3 10 10 9 10 10 10 10 3 10 10 10 6 10 10 10 10 10 5 7 3 2 3 5 7 2 9 10 10 4 10 0 10 0 9 10 6 4 

./instances/second_set/7_1.inc 68165.500000
10 6 10 1 5 10 0 0 10 9 1 7 4 5 9 5 0 10 10 5 5 10 10 8 10 10 2 10 10 10 7 10 8 3 1 5 2 10 8 10 10 10 10 2 10 9 10 6 7 0 5 10 5 1 10 10 0 1 10 0 10 10 0 9 1 8 10 2 3 10 10 10 10 10 10 5 7 10 10 10 10 8 6 6 7 10 10 2 8 3 10 4 10 2 1 10 9 5 2 10 10 7 10 8 10 1 2 6 5 10 8 10 10 7 10 3 7 6 0 4 6 10 7 8 9 2 10 0 5 4 7 4 10 10 10 0 10 8 6 2 2 10 10 2 10 10 10 6 1 5 0 0 10 10 3 10 9 8 3 7 10 10 4 1 3 8 8 10 0 10 10 10 10 10 10 10 6 7 10 2 9 9 5 6 0 10 4 9 1 9 10 10 8 5 4 3 6 10 8 10 5 1 1 3 10 5 10 9 10 10 1 10 10 2 2 7 10 5 10 1 10 10 10 10 9 10 10 10 10 10 10 0 10 4 5 6 10 10 1 10 10 6 10 1 1 2 10 0 10 6 5 8 10 0 10 3 1 6 10 9 7 10 7 2 8 10 10 3 10 3 7 1 7 6 10 10 6 5 0 0 0 10 6 7 6 1 5 5 10 1 10 3 9 3 10 10 10 8 10 4 

./instances/second_set/7_2.inc 65643.500000
10 7 10 10 6 10 1 10 10 10 9 7 2 10 10 4 5 10 10 10 6 2 10 10 4 10 0 2 8 10 1 0 4 10 10 10 2 10 7 5 9 2 7 6 10 9 4 4 10 10 7 5 0 10 10 7 0 0 2 10 10 0 3 4 3 10 10 10 3 10 10 9 10 10 10 8 10 10 1 10 10 3 10 10 10 6 4 3 1 8 0 5 10 5 10 10 10 7 4 3 3 10 5 4 1 0 10 5 4 10 10 10 6 3 2 10 10 4 7 8 10 2 5 9 4 8 1 10 2 5 1 10 10 0 6 9 10 5 2 10 3 8 10 10 10 10 10 10 10 6 1 9 10 8 10 10 4 10 1 7 2 10 2 10 4 10 1 2 10 10 10 1 2 7 7 10 10 10 4 4 10 10 8 8 10 10 10 6 3 10 0 0 6 6 10 4 10 10 6 5 10 7 10 10 10 10 10 5 8 4 10 5 10 4 10 10 4 6 7 8 10 10 0 9 10 9 1 4 4 5 10 5 5 10 9 10 9 10 4 10 1 1 2 6 8 10 2 0 6 10 5 10 9 8 10 10 10 3 4 3 10 10 7 3 1 10 10 10 10 3 3 9 10 10 2 3 5 10 10 2 1 10 9 10 5 4 0 2 8 10 5 10 1 5 0 0 7 10 10 6 

./instances/second_set/7_3.inc 69482.100000
10 10 6 7 10 10 10 10 10 2 10 9 8 5 1 5 0 3 0 10 10 1 3 9 8 6 7 10 5 10 10 9 10 5 3 10 2 10 7 9 3 6 5 5 9 9 7 1 10 8 3 2 6 4 10 10 10 10 0 9 10 10 9 4 2 10 4 7 8 10 10 0 0 8 10 7 10 1 10 3 9 5 10 10 10 10 10 3 8 8 10 10 10 4 10 9 10 0 7 10 7 10 10 10 7 5 8 6 2 10 1 6 1 10 10 2 10 4 10 10 10 4 10 3 8 6 6 10 6 0 10 8 8 10 10 5 1 10 10 10 8 10 10 6 4 10 10 10 7 9 2 2 10 10 4 5 6 10 10 3 10 10 7 10 9 0 8 9 6 10 2 9 10 5 10 3 10 10 6 10 10 4 5 10 1 10 3 1 1 10 10 10 0 10 10 10 10 8 10 8 10 10 4 10 10 7 5 2 9 5 10 10 4 10 10 6 10 4 9 5 1 6 10 1 3 2 10 0 2 6 10 9 3 7 10 0 9 2 10 10 4 10 4 10 4 0 4 10 9 10 9 8 10 10 1 5 5 10 10 10 8 10 10 2 10 3 10 10 10 10 6 0 2 10 2 2 1 10 2 4 10 3 3 8 2 10 2 7 10 10 10 0 6 10 6 10 10 5 3 6 

./instances/second_set/9_1.inc 9256.470000
30 9 0 19 0 24 22 19 5 19 0 7 5 28 28 29 29 23 24 0 9 23 29 24 28 0 7 23 22 3 2 30 30 30 10 30 13 30 30 30 30 30 30 10 30 30 30 30 30 30 30 30 30 30 30 30 30 30 30 30 30 30 30 30 30 30 30 30 13 30 30 30 13 30 30 30 30 30 30 30 2 30 30 30 30 30 30 30 30 30 30 30 30 30 30 30 30 30 13 30 30 2 30 2 30 30 30 10 30 30 30 30 30 30 30 2 30 30 30 30 30 30 30 30 30 2 30 30 30 30 30 30 30 30 30 30 30 30 30 30 30 30 30 30 30 30 2 2 30 30 2 30 30 30 30 30 30 30 30 30 30 2 30 30 30 30 30 30 2 30 30 30 30 30 13 30 30 30 30 30 30 2 2 30 30 30 30 30 30 2 30 30 30 30 10 30 30 30 30 2 30 30 30 30 10 2 30 30 30 30 30 10 30 30 2 30 30 30 30 30 13 30 30 30 30 30 30 13 30 30 30 30 30 30 30 30 30 30 30 30 30 2 30 2 30 30 30 30 30 30 30 30 30 30 30 30 2 30 30 30 30 2 30 30 30 30 30 30 30 30 30 30 30 30 30 30 30 30 30 30 30 30 30 30 30 30 30 30 30 30 30 30 30 30 30 30 30 30 10 30 

./instances/second_set/9_2.inc 13053.610000
9 15 25 9 15 20 13 21 9 9 27 2 13 25 2 6 20 5 7 13 5 12 5 20 27 2 5 5 21 21 30 30 30 24 30 30 30 16 30 30 30 30 4 30 30 11 30 30 16 30 30 30 16 16 4 30 1 11 30 30 30 30 4 30 30 30 12 30 30 24 30 30 30 30 30 30 8 30 30 30 30 1 30 30 30 4 30 30 30 30 30 30 30 30 30 30 11 30 12 30 11 30 30 30 30 30 12 30 30 30 30 30 30 30 24 30 30 12 30 4 4 11 30 30 30 30 30 30 30 30 30 30 30 28 30 30 1 30 12 28 4 30 30 30 4 30 30 30 30 16 30 30 30 30 30 30 30 30 30 30 30 11 30 30 11 1 12 30 30 30 30 22 30 30 30 30 24 30 8 30 30 16 30 30 30 30 22 30 30 30 30 11 30 11 30 30 30 30 30 30 4 4 16 16 30 30 30 30 11 4 30 30 30 12 30 30 30 30 30 30 12 30 30 30 30 30 30 30 22 30 30 30 30 4 30 28 30 30 30 30 12 30 30 30 4 30 30 30 16 4 30 30 30 30 30 30 30 30 8 30 30 30 4 30 30 16 30 4 30 30 30 22 30 30 30 30 30 30 30 30 30 30 30 30 30 30 16 30 30 30 4 30 30 30 30 4 30 30 30 30 

./instances/second_set/9_3.inc 16398.190000
1 20 17 1 10 20 15 19 28 15 7 1 2 16 19 16 28 2 17 10 24 2 19 24 11 17 16 16 15 2 30 30 30 30 30 30 6 7 7 30 11 11 30 30 30 30 30 30 30 30 30 30 30 30 30 5 21 30 30 30 30 30 23 30 6 30 6 30 30 30 30 6 11 30 25 30 30 30 30 30 3 30 30 30 30 30 30 30 30 30 11 30 30 11 30 30 30 30 30 30 30 30 30 30 11 27 30 30 30 30 30 21 11 30 30 30 30 30 6 30 30 30 30 6 30 23 30 6 30 30 30 11 30 30 30 30 30 23 30 6 30 11 30 30 30 30 30 30 30 30 30 12 30 11 30 30 30 30 30 30 30 30 30 30 30 27 30 30 30 12 30 30 30 30 30 30 30 30 7 30 27 30 5 30 30 30 30 30 11 30 30 30 30 30 11 30 30 30 12 30 30 30 30 30 30 30 30 30 30 30 30 30 30 21 6 6 30 30 30 30 30 5 30 30 30 30 30 30 30 30 30 30 6 30 3 30 30 30 30 6 25 25 30 30 30 11 30 30 30 30 30 30 3 30 11 23 30 30 7 30 30 30 30 6 11 21 6 5 30 30 30 30 30 30 30 30 25 30 30 30 30 30 30 30 30 30 21 30 30 30 30 30 30 30 30 30 30 30 30 30 

./instances/second_set/10_1.inc 13208.880000
4 3 30 30 11 16 10 18 2 14 0 26 12 28 29 1 8 17 7 9 21 22 13 22 30 27 23 6 5 18 26 10 30 30 28 30 30 26 30 25 3 20 20 30 16 30 30 30 20 7 30 9 17 20 5 27 8 29 30 5 26 22 5 4 10 21 28 30 8 7 18 27 2 11 13 30 30 28 5 30 13 18 10 21 18 27 28 23 4 30 23 27 8 25 2 23 30 27 30 30 30 5 30 10 23 14 2 0 15 18 15 14 30 0 1 15 15 0 16 12 30 29 15 6 26 10 30 10 30 13 30 2 30 17 0 2 9 2 30 30 25 28 30 8 7 1 25 22 26 17 22 30 18 20 30 11 20 30 10 28 30 20 2 9 27 30 30 12 0 9 6 10 30 18 6 0 30 12 16 1 28 27 8 17 15 5 7 30 3 1 23 6 30 1 2 11 3 20 30 30 13 16 20 12 30 22 22 11 1 22 30 12 17 18 10 30 30 30 3 29 28 25 12 30 26 7 0 30 26 26 15 21 30 29 30 30 1 30 11 30 21 15 30 2 4 30 30 7 0 10 30 28 7 15 0 12 26 30 1 15 30 30 23 17 27 16 12 25 16 29 30 14 30 30 21 4 3 3 18 30 30 27 14 30 27 12 16 30 30 9 30 30 13 9 23 30 20 6 8 25 

./instances/second_set/10_2.inc 13066.200000
8 21 25 29 5 7 22 17 0 4 9 30 10 30 30 30 20 2 30 28 13 26 15 30 14 30 30 18 30 8 2 7 25 9 23 15 30 28 30 30 30 16 0 25 30 18 14 3 10 14 14 30 25 30 20 14 30 15 12 3 21 23 14 18 12 30 14 7 29 10 30 23 11 23 20 0 13 30 8 11 15 14 18 21 4 28 4 13 29 17 16 30 5 22 8 30 19 4 0 30 15 23 30 30 23 30 30 12 12 12 30 30 26 30 9 28 14 14 17 30 30 27 30 5 30 20 17 30 29 3 14 18 30 12 30 17 29 7 29 11 10 17 21 30 30 20 26 19 2 13 15 30 19 7 30 30 3 17 15 25 30 15 22 25 11 5 26 30 11 8 30 2 30 2 30 30 5 16 30 5 30 3 0 15 5 5 11 10 30 30 30 30 19 30 30 30 16 30 30 28 3 9 30 13 22 13 30 22 16 11 21 30 4 10 30 26 19 30 0 7 30 27 29 22 3 18 18 29 13 28 27 26 10 30 13 30 26 30 13 7 11 7 17 23 29 16 16 20 8 25 27 21 27 7 30 28 22 12 30 21 23 30 25 10 30 19 3 5 17 4 0 30 30 27 30 2 26 25 8 15 3 2 26 8 30 21 4 15 0 30 30 5 10 19 12 17 18 7 18 20 

./instances/second_set/10_3.inc 13079.470000
21 30 2 8 30 14 30 9 28 3 30 22 30 13 18 30 15 30 0 4 19 30 6 11 17 30 29 30 30 26 30 30 30 10 30 15 29 14 30 15 20 14 12 30 3 5 14 6 23 5 0 15 27 6 19 14 30 30 18 25 3 6 30 15 30 10 10 17 22 4 30 4 1 18 1 22 12 30 30 4 26 8 5 4 11 20 12 19 30 5 28 8 30 30 8 3 10 24 30 0 30 2 27 8 24 30 21 23 1 25 2 25 27 30 0 5 23 23 30 30 2 30 29 29 30 22 27 30 4 3 27 10 30 8 30 29 11 17 20 27 23 20 25 30 30 19 21 4 15 9 8 28 9 19 18 26 27 18 26 30 30 11 23 6 30 15 17 8 6 13 18 28 17 30 28 30 9 1 29 30 23 26 30 13 30 1 9 24 22 30 30 27 1 30 30 1 6 9 15 20 4 10 18 30 12 29 30 9 18 30 10 29 15 2 14 5 25 30 28 1 26 12 12 13 3 28 30 9 20 30 30 11 13 21 22 23 22 24 30 30 14 30 20 2 11 12 5 27 18 18 11 26 24 30 1 24 17 11 25 30 15 30 10 26 21 5 30 30 29 26 24 24 28 30 23 0 30 30 0 19 30 11 30 30 5 0 17 25 20 15 27 30 0 22 30 13 9 1 30 9 

./instances/second_set/11_1.inc 9194.600000
2 2 4 2 4 2 4 2 2 2 4 6 7 5 2 2 2 0 2 2 2 0 3 2 2 2 4 2 4 4 10 10 6 8 5 0 8 0 0 10 10 10 10 10 5 6 6 10 10 9 8 5 5 5 9 9 6 10 0 6 8 10 10 7 10 10 8 8 6 9 0 10 5 7 7 6 7 7 0 8 10 7 8 10 6 0 10 10 10 8 7 7 7 9 10 5 10 7 5 6 7 10 5 10 10 10 8 0 5 0 10 10 9 10 8 10 10 7 10 10 10 0 8 0 5 9 5 10 5 7 5 10 10 6 8 10 6 8 10 0 8 0 5 8 10 5 10 7 7 10 10 8 7 6 10 10 10 5 6 10 5 8 9 5 9 5 0 0 0 9 7 8 6 8 10 10 10 7 10 8 0 5 6 8 5 10 10 10 5 8 7 10 9 0 7 10 9 10 8 10 9 10 6 7 10 6 10 10 10 0 7 7 6 10 10 10 0 10 8 9 8 5 8 10 10 10 8 10 10 10 7 7 10 10 5 0 0 0 9 7 5 0 5 6 10 7 5 9 7 7 7 6 10 10 9 6 10 8 10 5 6 0 6 6 9 5 10 9 10 7 10 7 8 5 0 0 10 10 0 0 7 10 10 0 9 6 10 5 5 7 10 9 0 9 10 6 9 5 10 9 

./instances/second_set/11_2.inc 11501.400000
7 9 7 8 9 9 5 9 7 9 9 7 9 7 7 3 9 9 9 9 9 9 9 7 7 7 9 5 9 9 10 6 1 5 8 0 4 2 3 1 4 3 0 4 8 4 2 6 1 3 3 10 1 0 6 3 5 5 0 8 8 4 3 1 1 6 4 1 10 6 10 10 2 10 1 8 5 3 8 6 5 10 3 6 0 10 5 2 0 3 2 4 4 5 10 10 1 2 8 1 1 0 0 4 8 5 1 4 1 10 3 10 10 10 8 4 10 3 1 8 10 10 3 10 2 5 10 0 3 8 5 10 6 0 4 10 8 5 1 10 10 3 1 5 10 0 10 3 0 4 10 6 3 10 3 2 6 1 1 10 6 6 1 4 6 2 10 4 10 6 8 2 8 10 8 10 3 5 3 10 10 8 10 3 10 8 8 5 10 8 10 0 3 4 6 5 4 10 0 10 0 2 0 2 5 10 6 10 3 2 10 2 8 2 1 10 6 2 3 1 2 10 10 0 0 1 6 5 0 5 4 6 0 6 4 5 6 4 5 6 0 6 10 10 3 5 8 0 1 10 2 8 10 2 8 2 10 2 1 6 10 5 5 8 10 8 6 0 5 3 8 5 5 5 1 8 6 2 10 1 1 8 10 3 1 0 5 10 6 10 3 6 10 2 0 3 5 5 5 4 

./instances/second_set/11_3.inc 11471.100000
8 7 8 8 8 3 8 8 8 8 8 8 8 4 8 8 8 8 0 7 8 7 7 8 7 7 7 3 8 1 6 2 10 6 6 10 4 10 4 10 4 0 10 1 5 10 1 4 10 3 10 0 2 5 3 10 5 9 1 1 3 1 10 1 1 1 0 10 6 9 4 5 1 0 0 1 9 1 2 4 5 1 3 4 1 6 9 1 1 0 10 5 5 5 9 9 10 9 10 10 10 5 3 3 3 10 1 5 3 2 0 4 6 4 5 5 10 6 10 3 10 0 9 6 5 10 3 10 0 6 6 4 4 10 3 1 1 4 10 2 9 4 10 10 3 0 10 4 1 3 1 4 9 2 2 10 0 9 1 2 0 4 3 0 10 6 1 1 4 0 4 10 6 0 10 9 2 10 10 5 1 10 3 5 9 10 2 2 6 10 0 1 1 10 10 2 9 1 2 10 6 3 4 5 3 3 9 2 10 5 4 6 6 9 6 0 6 1 3 10 5 9 10 0 2 2 9 1 0 10 10 0 9 1 5 5 6 2 0 0 10 9 2 0 1 10 10 1 10 10 9 2 6 4 0 2 10 0 4 10 3 5 2 2 10 6 6 10 10 5 10 5 0 0 6 0 2 9 10 9 3 4 6 4 0 9 5 5 5 10 10 5 3 6 0 3 0 0 4 10 

./instances/second_set/12_1.inc 59643.000000
20 24 3 11 25 16 25 6 30 6 12 14 16 30 28 20 17 30 26 5 28 30 23 0 2 21 30 19 25 30 17 26 28 19 20 1 18 30 14 30 15 24 5 6 13 12 2 13 14 23 13 6 11 8 12 24 22 7 3 5 29 3 22 2 19 8 26 8 15 25 30 20 16 29 22 27 25 30 1 23 30 1 18 30 30 21 30 23 27 21 29 17 2 2 4 30 30 11 18 14 4 8 4 14 18 6 13 30 30 0 24 29 11 7 26 18 30 30 19 12 1 30 28 0 15 0 30 16 3 5 14 17 21 3 27 17 7 16 20 30 4 22 5 27 7 13 29 30 15 24 30 30 9 30 9 30 30 30 30 30 30 30 30 30 30 30 30 30 30 9 30 30 30 9 10 10 9 30 30 30 30 30 30 30 30 9 30 30 30 30 30 30 30 30 9 9 30 30 30 30 10 30 30 10 10 9 30 30 30 30 30 30 30 30 30 30 30 9 30 30 30 30 30 30 30 30 30 30 30 30 9 30 30 30 30 30 30 30 30 30 30 10 9 10 30 30 9 30 30 30 9 9 9 9 30 9 30 9 30 9 9 30 30 30 30 9 30 9 30 30 9 30 30 30 30 9 30 30 30 10 10 30 30 9 9 10 9 9 30 9 30 10 30 10 30 30 30 30 30 30 

./instances/second_set/12_2.inc 62190.200000
25 6 12 12 4 28 14 1 28 3 24 23 24 30 8 29 1 15 30 28 15 12 30 13 30 8 30 30 2 11 26 27 24 14 20 30 7 9 12 4 29 13 2 21 9 30 4 26 7 17 3 17 14 8 6 25 14 11 2 15 16 13 0 2 23 21 9 26 19 8 19 3 10 4 1 0 20 18 30 18 10 19 20 19 23 11 30 13 3 21 8 30 17 29 26 18 2 16 30 25 29 13 27 9 17 15 28 7 14 1 28 13 25 23 27 6 7 10 15 2 21 1 30 11 10 20 30 24 18 27 0 30 16 30 9 14 6 27 17 21 24 30 26 20 25 0 23 10 13 16 30 30 30 30 30 30 30 5 5 30 30 30 5 30 30 30 30 30 5 30 5 30 5 30 5 30 30 30 30 30 22 30 5 30 30 5 30 30 30 22 5 5 30 30 30 30 30 30 30 30 5 30 22 30 30 30 30 5 30 30 30 30 30 30 30 30 30 5 30 30 30 30 30 5 30 22 30 5 30 30 5 5 30 30 30 22 22 30 30 30 30 5 30 30 30 5 5 22 22 30 30 30 5 30 22 30 30 30 30 30 22 30 30 30 30 30 30 30 5 5 30 30 30 30 30 30 22 30 30 5 22 30 5 5 30 30 30 30 22 22 5 30 30 5 30 30 22 30 30 30 

./instances/second_set/12_3.inc 61478.900000
30 13 1 2 8 16 30 17 22 27 6 12 27 0 30 7 7 19 24 9 5 30 30 16 30 30 11 9 28 30 17 4 30 1 28 1 5 26 0 17 25 30 30 12 17 30 2 1 29 22 29 30 16 0 11 21 17 14 8 8 24 8 13 23 30 5 21 21 30 30 4 10 18 10 11 20 12 27 30 23 30 8 20 30 12 18 25 16 9 20 14 25 4 26 21 22 19 30 2 11 26 6 14 5 30 4 5 28 6 24 28 26 29 13 1 13 19 9 7 19 30 6 29 18 30 7 23 20 30 28 24 0 27 10 14 18 16 0 25 12 30 29 24 23 30 30 2 10 30 22 30 30 30 15 3 15 30 3 30 30 30 30 30 30 30 3 30 30 15 30 30 30 15 30 30 15 30 30 15 30 30 30 30 30 30 30 30 15 30 30 3 30 15 3 30 30 30 30 30 30 30 30 30 30 30 30 30 30 30 30 30 30 30 15 30 30 30 15 30 30 15 15 15 30 15 30 30 30 3 30 30 30 30 30 30 3 30 30 15 30 30 30 3 30 30 30 3 30 30 30 15 30 30 3 3 30 15 15 15 3 30 30 15 15 30 30 30 15 15 30 30 30 30 30 30 15 3 30 30 15 30 30 15 30 30 30 30 30 30 30 15 15 30 30 15 30 30 30 30 30 

./instances/second_set/13_1.inc 4212.100000
30 30 30 2 18 30 2 24 30 30 7 3 30 11 30 30 30 30 30 30 30 30 30 19 30 30 30 30 30 3 21 30 30 25 30 30 30 17 30 30 30 30 30 30 9 30 30 1 30 30 30 19 30 30 30 30 13 12 30 30 30 30 10 30 2 30 16 23 30 23 30 1 30 30 0 30 26 30 4 30 27 30 30 30 30 30 30 30 14 30 30 30 30 30 9 17 30 30 30 30 30 30 30 30 30 30 15 26 30 30 30 30 28 30 4 30 30 30 30 30 30 30 30 30 27 30 30 30 8 23 30 8 18 13 30 6 30 30 6 29 30 30 30 25 30 11 5 30 30 30 26 14 30 30 30 12 30 30 30 30 30 6 30 30 30 30 30 30 30 30 30 30 30 30 30 21 25 30 30 30 15 20 30 24 30 30 8 7 30 30 15 30 30 30 30 30 30 30 30 30 30 30 30 16 30 30 30 30 30 30 20 30 30 7 30 30 30 30 30 30 30 30 30 30 30 30 5 30 28 30 30 30 30 30 30 19 30 30 30 20 30 1 29 30 30 30 30 30 30 30 30 30 30 21 30 30 30 22 30 27 30 30 30 30 0 30 30 22 12 30 30 30 30 30 30 30 30 30 30 30 30 30 16 30 7 30 10 30 30 30 30 30 30 30 26 30 30 30 17 11 

./instances/second_set/13_2.inc 4149.600000
19 30 30 30 28 30 30 25 30 30 30 18 30 30 30 1 30 30 14 30 30 22 27 26 6 30 0 30 30 30 30 30 30 30 30 30 12 30 30 30 30 30 13 30 30 24 30 4 30 30 30 18 5 30 30 30 30 30 30 30 5 30 27 8 30 30 20 16 30 21 30 30 30 23 30 30 21 30 19 30 30 30 30 30 10 30 30 30 30 30 19 30 7 30 30 14 8 17 9 30 26 30 30 30 20 30 22 30 30 30 30 30 30 3 30 9 28 30 30 30 30 15 24 30 30 30 11 30 30 30 30 30 30 30 30 30 30 11 30 30 30 30 30 9 30 30 30 30 13 1 30 30 30 30 25 25 30 10 30 30 30 30 0 16 30 30 30 8 30 30 30 30 30 30 30 0 22 30 30 30 30 30 30 30 10 30 30 17 30 30 30 24 30 29 30 30 30 30 30 30 30 2 30 30 30 30 3 29 11 30 2 15 30 30 30 30 30 12 12 30 15 30 25 30 30 30 30 30 21 30 30 30 30 30 30 30 30 30 4 30 30 30 30 30 30 30 30 30 30 23 10 30 30 30 26 30 30 30 18 30 30 30 30 30 6 30 30 30 30 30 30 3 30 23 7 30 30 30 30 30 30 30 30 27 30 30 30 30 30 28 30 30 30 30 30 2 30 30 30 4 

./instances/second_set/13_3.inc 4722.700000
30 30 30 30 17 30 30 30 14 17 19 30 30 12 30 30 27 30 23 30 30 0 30 11 30 30 30 30 6 30 30 30 5 30 19 30 30 30 30 30 7 3 30 8 30 13 30 30 30 30 30 30 30 20 20 30 30 12 30 24 25 30 23 5 30 28 21 30 30 30 30 30 30 30 1 9 30 30 30 30 30 30 30 30 30 30 30 30 30 30 30 30 30 30 30 30 26 30 30 30 30 25 30 30 30 30 30 30 30 30 30 0 1 30 30 28 22 30 16 30 30 16 30 30 30 30 30 30 30 0 30 18 30 24 30 30 2 30 30 30 30 30 30 30 4 30 24 30 30 15 30 30 30 30 29 15 30 9 12 30 2 30 30 30 8 15 30 30 30 30 30 30 30 10 30 30 30 30 30 30 30 30 30 30 14 30 30 30 30 4 30 30 6 30 30 30 15 30 30 5 30 30 1 26 30 30 30 9 30 12 30 13 30 27 7 30 30 30 30 13 21 30 30 30 30 30 30 6 30 30 30 30 30 30 3 6 30 30 30 29 20 30 30 30 30 30 12 30 30 10 30 30 25 26 30 30 14 30 30 30 19 30 30 30 30 30 30 30 30 30 14 30 30 29 30 30 30 30 26 30 11 18 30 30 30 30 23 11 30 22 30 30 30 7 30 30 30 30 30 30 

./instances/second_set/14_1.inc 26920.150000
5 5 1 1 1 2 1 1 2 2 6 5 10 2 6 6 1 5 8 8 2 2 2 1 2 6 6 1 5 6 10 10 0 0 10 10 10 10 10 10 10 10 10 10 0 10 10 10 10 10 10 10 10 0 10 10 10 10 10 10 10 0 10 0 0 10 10 10 10 10 0 10 10 0 10 10 10 10 0 10 10 10 10 10 10 10 10 0 10 0 10 10 0 10 10 0 0 10 10 10 0 10 10 10 10 10 0 10 10 10 10 10 0 10 0 10 10 0 10 10 10 10 0 10 0 10 0 10 10 10 10 10 10 10 10 0 10 10 10 10 10 10 10 10 10 10 10 10 10 10 10 10 10 10 0 10 10 10 0 10 0 10 10 10 0 10 10 10 10 0 10 10 10 10 10 10 10 10 10 10 10 0 0 10 10 0 10 0 10 10 10 0 10 10 10 10 10 0 10 10 10 10 10 10 0 10 10 10 10 0 10 0 10 10 10 10 10 10 0 10 10 10 10 0 10 10 10 10 10 10 10 10 10 10 10 10 10 10 10 10 10 10 0 10 0 10 10 10 10 10 10 10 10 10 10 10 10 10 10 10 0 10 10 10 10 10 10 10 0 10 10 0 0 10 10 0 10 10 10 10 0 10 10 10 10 0 10 0 10 10 10 10 10 10 10 10 10 10 10 10 

./instances/second_set/14_2.inc 25980.140000
4 0 4 6 4 0 0 10 6 0 0 3 3 6 4 3 3 0 0 0 6 4 6 6 1 4 0 3 3 4 10 10 10 10 10 10 7 10 10 7 10 10 7 10 10 10 7 10 10 10 10 10 10 10 10 10 10 10 10 10 7 10 10 10 10 7 10 10 7 10 10 10 7 7 10 10 10 10 7 10 10 10 7 10 10 10 10 10 10 10 10 10 10 10 10 10 10 10 10 10 10 10 10 10 10 10 7 7 7 10 10 10 7 10 10 10 10 10 10 10 10 10 10 10 10 7 10 10 10 7 10 10 10 10 10 10 10 7 10 10 7 10 10 10 10 10 10 10 7 10 10 10 10 10 10 10 7 10 10 10 7 10 10 7 10 10 10 7 10 10 10 10 10 10 10 7 10 10 10 10 10 10 10 10 10 10 10 10 7 7 10 10 10 10 7 10 10 10 10 10 10 10 10 10 7 10 10 10 10 7 10 10 10 10 10 7 10 10 7 10 10 7 10 10 10 10 10 10 10 10 7 10 10 10 10 10 10 10 10 10 10 10 10 10 10 10 7 10 7 7 10 10 10 10 10 10 10 10 10 10 10 10 10 10 10 7 10 10 10 10 10 10 10 10 7 10 7 10 10 10 10 10 10 10 10 10 10 10 10 10 10 10 10 10 10 10 10 10 10 10 

./instances/second_set/14_3.inc 31536.060000
6 6 0 4 8 8 4 4 6 0 8 4 0 7 3 7 0 8 8 8 6 0 0 6 0 4 6 4 6 4 10 3 10 10 10 10 10 10 3 10 10 10 10 3 10 10 10 10 3 10 10 10 10 10 10 10 10 10 10 3 10 10 10 10 10 3 3 3 10 10 3 10 10 10 10 10 10 10 10 10 10 10 3 10 10 10 10 3 3 3 3 10 10 10 10 10 3 10 10 10 10 10 10 10 3 3 10 10 10 10 10 10 10 10 10 10 10 10 10 10 10 3 10 10 10 10 10 3 10 3 10 3 10 10 3 3 3 10 10 10 10 3 10 10 3 10 3 10 3 10 3 10 10 10 10 10 10 10 10 3 10 10 10 10 10 10 10 10 10 10 10 10 10 3 10 10 10 10 3 10 10 10 10 10 10 10 10 10 10 10 10 10 10 10 10 10 10 10 10 10 3 3 10 10 3 10 10 3 10 10 10 10 10 10 10 10 10 3 10 10 10 10 10 10 10 10 3 10 10 10 10 10 10 10 10 3 10 10 3 10 3 3 10 10 10 10 10 10 10 10 10 10 10 10 10 3 10 10 10 3 10 10 10 3 10 3 3 10 10 10 10 10 10 10 10 10 10 10 10 10 10 10 10 10 10 3 10 10 10 10 10 3 10 10 10 10 10 10 10 10 

./instances/second_set/16_1.inc 14207.300000
26 30 30 30 30 30 22 14 10 30 30 18 29 20 21 30 30 30 30 17 30 30 30 30 30 24 30 30 21 9 30 30 7 16 30 30 30 23 30 3 23 30 30 30 30 30 26 30 19 30 30 30 30 24 30 30 30 27 17 30 30 30 9 29 30 30 29 30 30 30 30 30 6 30 30 26 30 30 26 29 11 30 30 30 13 2 9 30 30 30 29 30 30 16 30 10 30 30 30 1 30 30 30 23 30 30 11 10 30 13 30 30 18 30 30 30 20 23 30 30 30 14 7 30 18 11 30 12 18 30 30 30 19 30 28 30 30 2 30 10 30 30 30 30 10 30 30 30 18 15 25 30 30 30 10 30 4 27 21 30 30 30 30 6 30 30 30 30 8 3 13 30 30 30 30 23 17 30 30 30 12 30 4 30 30 30 30 30 30 4 30 30 5 30 8 19 22 30 15 23 30 11 0 30 30 0 30 25 30 30 30 30 30 2 4 7 30 30 24 1 30 30 30 15 8 30 30 30 24 29 30 30 30 30 30 30 30 7 30 30 30 13 5 3 30 30 30 27 30 30 30 30 30 28 20 30 6 30 30 30 30 30 13 7 0 30 29 13 10 30 30 30 30 17 30 30 30 28 30 30 30 30 30 30 30 29 11 30 30 30 19 30 30 30 30 30 30 30 0 30 

./instances/second_set/16_2.inc 16643.900000
30 30 25 30 3 30 30 2 6 30 30 30 21 30 5 30 30 12 30 30 30 14 30 30 30 30 30 17 30 30 30 30 30 10 22 30 18 27 30 30 7 14 3 16 30 10 30 30 30 29 26 30 30 30 30 30 30 30 30 30 12 30 30 30 29 30 15 30 30 30 30 30 30 30 30 30 8 30 30 30 9 30 25 30 20 30 24 4 30 30 30 30 30 30 0 19 17 30 30 19 30 28 17 30 30 30 30 22 30 30 30 30 26 30 11 30 30 7 30 30 30 30 24 30 30 30 30 30 30 30 30 30 14 30 1 30 13 30 30 19 30 30 30 1 30 13 30 24 18 30 30 30 13 30 30 30 30 30 15 5 7 30 30 21 30 30 30 9 27 29 30 23 30 15 30 30 30 22 30 1 4 30 30 3 30 30 30 10 18 30 24 15 30 2 30 30 8 30 30 4 30 30 20 19 30 30 13 30 23 28 30 30 30 30 30 30 0 29 30 4 25 30 0 30 9 30 26 30 7 30 10 16 25 30 30 14 30 30 30 30 30 10 22 15 17 17 30 2 30 30 30 30 17 30 16 11 24 7 30 30 30 11 2 26 30 30 11 30 1 30 22 17 6 30 6 30 16 30 27 30 30 30 30 30 30 27 22 30 30 30 30 30 21 13 30 26 9 23 30 30 

./instances/second_set/16_3.inc 14272.900000
30 18 30 30 21 30 15 24 30 30 30 30 0 30 10 22 30 16 1 30 30 30 0 30 30 29 23 30 13 16 30 29 30 30 9 3 23 18 23 30 15 30 30 30 30 30 30 30 30 28 4 30 30 27 25 30 30 0 10 30 30 30 30 30 2 10 30 4 16 26 30 30 30 30 13 30 30 30 14 11 30 13 27 17 30 3 8 30 30 30 8 10 27 30 30 7 26 30 30 7 30 7 30 30 11 16 30 30 30 30 30 30 30 10 30 21 19 30 12 5 30 30 30 7 16 30 2 30 30 26 30 30 3 30 30 30 30 30 30 9 14 30 30 30 1 21 24 30 25 30 30 28 30 30 30 30 19 2 6 30 30 30 25 2 30 6 30 25 30 11 4 30 30 25 30 30 30 30 30 30 30 20 30 30 18 30 30 10 30 15 30 30 30 30 30 6 30 30 13 2 30 30 30 30 30 30 16 12 14 6 30 13 11 30 30 30 9 30 30 30 30 30 19 30 30 30 23 8 30 30 1 30 30 30 4 30 30 30 30 22 29 0 30 5 30 30 8 14 4 22 30 30 30 3 30 20 30 30 8 30 30 30 30 30 30 2 27 27 6 30 30 13 30 30 30 30 30 30 30 30 30 17 30 11 21 4 30 30 30 30 30 30 18 30 21 30 11 30 7 27 

./instances/second_set/17_1.inc 4157.200000
7 19 22 17 21 17 21 22 22 13 30 17 19 19 21 21 13 13 13 22 13 13 17 17 19 22 13 7 19 21 30 30 30 30 30 30 8 30 30 30 30 30 30 30 30 30 30 30 30 30 8 30 30 30 30 30 30 8 30 30 30 30 30 30 30 30 30 30 30 30 30 30 30 30 30 30 30 8 30 30 30 30 30 30 30 30 30 30 30 30 30 30 30 30 30 30 30 30 30 30 30 30 30 30 30 30 30 30 30 30 30 30 30 30 30 30 30 30 30 8 30 30 30 30 8 30 30 30 30 30 30 8 30 30 30 30 30 30 8 30 30 30 30 30 30 30 30 30 30 30 30 30 30 30 30 30 30 30 30 30 30 30 8 30 30 30 30 30 30 30 30 30 30 30 30 30 30 30 30 30 30 30 30 30 30 30 30 8 30 30 30 30 8 8 30 30 30 30 30 8 30 30 30 30 30 30 30 30 30 30 30 30 30 30 30 30 30 8 30 30 30 30 30 30 30 30 8 30 30 30 30 30 30 8 8 30 30 8 8 30 30 30 30 30 30 30 30 30 30 30 30 30 30 30 30 30 30 30 8 30 30 30 30 8 30 30 30 30 30 30 30 30 8 30 30 30 8 8 30 30 30 30 30 8 30 30 30 30 30 8 30 30 30 30 30 30 30 30 30 30 

./instances/second_set/17_2.inc 3901.300000
13 15 24 3 15 18 24 3 3 24 3 9 24 15 3 18 18 13 13 3 13 9 15 9 30 18 15 3 9 24 30 30 30 30 30 27 30 30 30 30 30 30 27 30 30 30 30 30 30 27 30 30 30 30 30 30 30 30 30 30 30 30 27 30 30 30 30 30 30 30 30 30 30 30 30 27 27 30 30 30 27 30 30 30 30 30 30 30 30 30 30 27 30 30 27 30 30 30 30 30 30 27 30 30 30 30 30 30 30 30 30 30 30 30 30 30 30 30 30 30 30 30 30 30 30 30 30 30 30 30 27 30 27 30 30 30 30 30 30 30 30 30 30 30 30 27 30 30 30 30 30 30 30 30 30 30 30 30 30 27 30 30 30 30 30 30 27 30 30 30 30 30 27 30 30 30 30 30 30 30 30 27 27 30 30 30 30 30 30 27 30 30 30 30 30 27 30 30 30 30 30 30 30 30 30 30 30 30 30 30 30 30 27 30 30 30 27 30 30 27 30 30 30 30 30 30 27 30 30 30 30 30 30 30 30 30 30 30 27 30 27 30 30 30 30 30 30 30 30 30 30 30 30 30 30 30 30 30 30 30 30 30 30 30 30 30 30 30 30 30 30 30 30 30 30 30 30 30 30 30 30 27 30 30 27 30 30 30 30 30 30 30 30 30 30 30 30 30 30 30 

./instances/second_set/17_3.inc 3767.700000
4 22 22 2 7 7 28 4 7 7 7 2 30 22 4 4 28 2 2 25 4 22 25 25 22 7 25 7 2 25 30 30 30 30 30 30 30 30 30 17 30 30 30 30 30 30 30 30 30 30 30 30 30 30 17 30 30 30 30 30 17 17 30 30 30 30 30 30 30 30 30 30 30 30 17 30 30 30 30 17 30 30 30 30 30 30 30 30 17 30 30 30 30 30 30 30 30 30 30 30 30 30 30 17 30 30 17 30 30 30 30 30 30 30 17 30 30 30 30 30 30 30 30 17 30 30 30 30 30 30 30 30 30 30 30 30 30 30 30 30 30 30 30 30 30 30 30 30 30 30 30 30 30 30 30 30 30 30 30 30 30 30 30 30 30 30 30 30 30 30 30 17 30 30 30 30 30 30 30 30 30 30 30 30 30 30 30 30 17 30 17 30 30 30 17 30 30 30 30 30 30 30 30 30 30 30 30 30 30 17 30 30 30 17 30 17 17 30 30 30 30 30 30 30 30 30 30 30 30 30 30 30 30 30 30 30 30 30 30 30 30 30 30 30 30 30 30 30 30 30 30 30 17 30 30 17 30 30 30 30 30 30 30 30 30 17 30 30 30 30 30 30 30 30 30 30 30 17 30 30 30 30 30 30 30 30 30 30 30 30 17 30 30 30 30 30 30 30 17 17 

./instances/second_set/19_1.inc 6877.740000
2 10 10 10 5 10 9 1 10 8 10 10 10 10 10 5 10 9 10 10 10 10 10 0 10 10 10 7 10 10 10 4 10 10 6 10 4 4 8 5 10 5 10 8 10 10 10 10 8 1 4 4 10 10 6 10 2 10 10 7 10 2 10 9 10 2 4 2 10 8 10 4 10 10 10 8 10 1 10 6 4 5 10 1 5 3 6 6 10 10 5 1 6 5 10 10 10 10 10 10 10 9 10 5 10 8 3 10 7 9 10 10 1 7 2 9 10 10 2 10 2 8 7 7 1 10 7 10 7 4 4 10 6 8 10 10 1 10 10 10 10 10 2 10 9 7 8 1 1 10 10 10 10 0 10 0 10 10 10 3 0 10 10 10 10 3 10 10 0 10 10 10 10 10 10 0 10 10 10 10 10 10 10 10 10 0 10 10 10 3 10 10 10 10 10 0 10 10 10 10 10 10 10 0 10 10 10 0 10 10 3 0 0 10 10 10 10 0 10 10 10 10 10 0 10 10 10 3 10 10 0 0 10 3 3 10 10 10 10 10 10 0 10 10 0 10 0 10 10 10 10 10 3 10 0 10 10 0 0 3 10 10 3 10 3 10 10 10 10 10 3 10 3 10 10 10 10 10 0 10 0 10 10 10 10 10 3 10 10 10 10 3 10 10 10 0 10 10 0 3 

./instances/second_set/19_2.inc 8043.470000
2 1 5 2 10 3 9 6 10 10 10 10 9 8 3 10 1 4 10 6 3 3 10 4 10 10 1 10 10 10 10 9 6 5 9 10 6 2 10 10 9 10 4 1 9 2 10 10 10 10 8 10 8 1 10 10 6 4 0 3 10 9 10 5 8 1 10 6 2 10 10 3 6 10 8 10 10 2 3 10 1 10 10 8 10 1 10 9 5 10 6 2 4 10 8 10 9 10 10 10 10 4 5 10 10 10 10 10 1 10 10 10 10 10 10 9 10 3 10 10 10 10 10 10 8 10 10 9 10 9 2 10 10 2 6 10 4 5 10 10 10 5 10 4 1 10 5 10 10 10 10 10 7 0 10 10 10 10 10 10 0 0 10 10 0 10 10 10 10 7 10 10 0 0 0 10 0 10 0 10 0 10 10 0 10 0 10 0 10 10 10 0 10 10 0 10 10 7 7 10 0 10 10 10 10 0 0 10 10 10 10 10 10 10 10 10 10 10 10 7 7 10 10 10 10 10 10 10 7 0 10 10 0 10 10 10 10 10 10 7 7 7 10 10 10 10 10 10 10 10 0 10 10 10 10 10 10 10 0 7 10 10 10 10 0 10 10 0 0 10 10 0 10 10 0 0 10 10 10 10 10 7 7 10 7 7 7 10 10 10 10 10 0 10 10 10 10 0 10 10 

./instances/second_set/19_3.inc 8155.050000
8 10 8 3 10 8 9 10 7 8 10 0 9 10 10 10 9 2 10 10 7 10 0 10 10 10 3 10 10 10 10 10 10 10 10 10 3 0 9 10 10 10 10 10 0 10 10 0 3 6 10 10 2 0 2 10 3 10 10 10 3 10 2 7 5 8 10 10 8 10 3 10 5 3 10 10 2 9 10 10 10 9 0 10 10 10 7 10 10 6 10 6 6 10 10 9 10 10 10 5 6 2 10 10 3 7 5 0 3 2 10 10 10 5 10 10 10 10 6 7 10 2 10 2 10 10 7 10 10 5 6 10 7 10 9 10 10 10 8 10 8 0 8 6 9 9 7 6 5 6 1 10 10 10 10 10 10 10 10 10 1 10 10 10 10 10 10 4 10 10 10 10 10 10 10 10 10 1 10 1 10 10 10 10 10 10 10 1 10 10 1 10 10 10 4 10 10 10 10 10 4 10 10 1 1 10 10 10 10 10 10 10 4 4 10 10 10 10 1 10 1 1 10 4 10 10 1 4 1 10 10 10 10 10 1 10 1 10 10 10 10 10 10 10 1 10 10 10 1 1 10 10 10 10 4 4 1 10 10 4 4 10 10 10 10 10 4 1 10 10 1 10 4 10 4 10 10 1 10 1 1 10 10 10 1 1 1 1 1 1 10 10 10 10 10 4 10 10 10 10 

./instances/second_set/21_1.inc 22242.400000
8 10 7 8 10 5 2 10 1 8 5 10 10 10 3 0 4 10 8 10 2 7 5 10 0 10 3 3 10 10 10 1 0 9 4 10 10 3 2 2 10 6 10 10 3 10 4 5 8 10 10 10 2 4 4 2 0 10 10 10 8 7 7 3 8 10 10 2 10 6 7 6 9 0 7 6 10 5 10 9 5 4 6 7 10 10 1 10 8 1 10 0 2 10 10 4 10 10 10 9 9 10 5 10 2 9 3 4 6 10 9 1 2 9 0 7 10 4 2 10 6 8 10 9 7 2 10 8 5 3 6 0 10 9 1 0 4 4 3 10 4 3 10 5 10 10 10 5 9 6 3 7 10 10 8 5 2 0 9 9 5 7 9 10 4 4 10 10 10 10 10 10 0 5 10 4 5 10 0 10 5 10 3 2 9 0 6 10 7 9 1 7 8 2 9 10 10 10 10 10 2 6 1 5 10 10 0 2 7 10 10 10 2 9 10 10 7 10 10 4 10 0 1 10 4 8 6 10 8 9 6 9 4 10 10 6 10 1 10 10 1 2 0 1 10 6 5 9 10 6 4 8 0 0 10 0 2 0 10 9 4 10 6 1 10 2 7 2 10 10 2 5 0 10 6 10 6 4 8 10 6 10 6 9 3 0 6 8 10 5 10 1 0 9 10 9 0 4 4 10 

./instances/second_set/21_2.inc 25391.930000
7 6 6 1 9 9 9 10 7 10 10 3 4 3 1 6 7 7 5 8 9 7 0 10 8 5 1 1 9 10 7 3 10 10 8 8 1 0 8 4 10 6 9 0 6 9 0 5 7 10 10 10 1 9 4 7 5 1 9 4 1 10 10 8 10 4 5 10 10 5 2 2 0 5 10 10 10 5 0 3 10 10 4 10 2 7 10 10 6 3 10 10 0 4 3 5 7 10 10 4 7 10 10 5 2 5 10 1 10 9 7 6 10 10 2 4 1 8 7 3 10 10 7 2 10 3 10 2 10 8 10 10 0 8 6 3 10 6 4 1 4 10 10 2 4 1 8 6 8 9 0 5 6 0 10 3 1 7 8 10 10 0 0 10 6 10 4 7 3 5 4 4 8 10 10 7 7 7 10 10 8 10 2 0 4 1 0 2 7 0 9 10 10 3 1 3 7 10 7 8 9 3 10 2 8 7 10 0 10 1 10 10 5 6 7 10 7 6 6 10 10 4 6 7 10 1 10 3 6 9 2 6 1 10 2 4 5 5 10 10 5 10 10 10 10 1 1 10 3 4 7 3 6 1 10 8 6 3 10 10 10 5 4 10 10 3 1 9 10 8 7 4 10 10 10 10 6 10 7 2 5 8 9 0 9 9 10 2 5 8 8 10 10 10 10 8 5 10 9 2 

./instances/second_set/21_3.inc 24612.360000
10 10 1 5 10 4 1 10 3 6 10 7 10 10 0 6 0 0 8 7 0 10 8 10 8 4 10 1 9 0 10 10 7 3 3 0 6 6 3 10 7 4 10 10 9 10 1 10 10 4 10 10 6 1 4 10 5 4 10 10 0 9 5 0 10 6 5 10 10 9 5 4 7 3 9 0 7 10 8 9 10 2 10 1 0 6 2 2 10 10 6 10 3 10 0 7 5 1 10 6 2 8 10 0 5 7 2 3 10 10 9 10 2 7 10 2 0 1 10 10 1 2 4 10 9 4 10 10 10 8 3 10 1 3 10 8 1 9 5 8 10 10 6 7 9 5 10 0 4 3 0 1 8 0 10 7 3 7 0 3 8 8 9 0 10 10 1 7 10 10 9 10 5 10 8 10 10 10 10 10 5 6 7 9 1 5 10 3 8 10 10 8 2 10 1 9 9 1 2 2 3 6 10 5 8 4 3 6 9 10 10 2 9 0 10 10 10 6 10 1 4 2 1 0 0 10 10 10 6 5 3 2 5 10 2 3 10 10 10 10 1 10 10 7 0 8 4 6 1 10 4 9 6 0 1 4 9 10 5 10 7 6 10 8 6 6 3 3 10 2 5 0 1 2 10 4 4 9 10 10 4 10 10 2 5 9 10 7 0 10 7 10 10 1 4 5 2 1 1 8 

./instances/second_set/24_1.inc 53832.250000
11 19 14 28 30 21 24 29 30 26 25 10 6 9 30 18 30 30 30 26 30 30 18 30 30 15 24 14 30 17 30 30 27 27 9 10 16 22 24 30 5 30 2 21 24 5 28 30 6 16 2 14 30 6 3 27 25 30 8 20 7 23 30 26 27 21 20 22 21 7 7 19 20 28 21 23 1 30 15 30 4 0 9 9 10 30 28 2 27 5 22 30 23 20 7 9 5 30 10 30 20 26 14 30 26 18 30 25 3 18 30 30 30 25 16 24 30 22 20 12 30 15 29 14 3 27 30 12 4 8 11 1 21 9 4 8 1 8 30 4 28 15 6 5 30 3 30 30 18 5 6 9 9 30 30 9 15 24 21 30 30 8 18 17 9 24 30 7 3 0 10 22 30 9 12 14 20 9 5 20 0 28 25 17 20 19 30 5 29 30 30 9 4 11 30 30 30 30 9 20 3 26 3 14 28 9 30 7 22 23 20 14 15 24 13 23 30 20 3 2 3 19 0 30 24 24 24 9 15 17 23 21 15 13 3 23 17 30 17 30 12 5 9 30 19 24 29 14 26 30 30 6 15 28 9 29 7 30 24 0 15 30 30 7 22 30 15 13 30 18 27 9 16 15 28 11 15 1 12 20 13 28 13 30 30 10 23 28 11 19 23 28 26 30 30 2 30 9 24 12 

./instances/second_set/24_2.inc 60234.980000
30 9 0 30 22 11 30 1 30 3 30 2 21 23 0 0 0 23 0 0 13 14 30 13 24 10 25 8 20 28 30 0 30 24 18 1 5 7 21 30 4 6 26 17 30 24 29 30 30 24 28 26 0 5 30 15 15 29 23 30 20 14 4 0 19 7 0 30 9 4 1 4 12 26 23 25 25 21 2 0 18 18 30 20 8 25 23 10 2 4 30 30 11 30 23 2 30 21 13 4 15 27 17 25 20 29 0 10 30 3 30 30 30 20 22 26 23 6 4 17 12 27 30 28 16 18 10 2 30 23 27 30 30 30 12 30 4 30 11 15 25 12 24 15 30 27 7 30 23 19 26 25 7 7 8 30 5 12 5 30 14 0 8 5 24 30 23 0 27 5 24 13 0 10 6 23 22 0 30 0 30 17 5 4 1 25 27 0 13 10 12 22 2 0 9 22 12 29 30 28 30 30 29 4 0 30 19 19 30 12 21 16 20 30 24 9 5 30 30 17 16 0 30 30 14 24 0 27 0 18 24 15 0 28 0 21 24 30 0 20 4 30 2 15 17 26 19 30 8 25 8 30 30 20 30 18 1 11 22 10 20 9 6 30 30 14 13 7 18 3 11 5 10 4 16 0 26 2 30 3 30 19 21 3 30 4 18 23 0 0 0 23 26 30 30 24 30 2 13 16 

./instances/second_set/24_3.inc 53797.220000
1 29 9 2 24 19 3 14 5 30 30 5 1 30 13 19 19 19 12 26 16 15 27 22 29 6 30 30 19 17 30 30 18 19 6 30 13 5 15 24 30 30 4 30 10 4 17 24 4 20 30 26 30 6 19 19 12 5 26 19 30 27 30 30 15 0 13 24 6 20 28 24 24 15 6 7 4 19 19 20 29 16 27 30 30 0 30 15 15 22 7 11 30 26 21 30 15 29 26 7 1 16 30 16 15 18 5 9 14 14 8 6 14 30 27 17 10 28 12 19 28 16 29 30 15 2 20 3 30 30 9 30 21 10 6 5 30 15 30 24 3 19 3 28 14 30 26 30 25 30 30 30 6 19 15 30 30 27 30 17 23 8 26 30 11 16 3 3 30 27 22 30 26 25 13 26 10 28 16 30 5 3 2 12 19 0 5 9 20 21 12 3 22 24 5 16 30 30 30 13 25 9 30 11 30 12 27 6 20 21 27 22 15 20 30 19 13 0 19 12 30 11 26 23 1 19 5 23 0 22 4 7 10 4 15 12 8 23 24 30 5 15 5 30 26 30 27 21 30 22 21 5 13 30 23 30 15 13 2 18 3 25 1 30 30 30 30 16 30 18 26 24 20 7 7 30 24 25 8 2 11 20 17 1 12 8 10 26 20 26 15 30 18 3 14 30 5 8 24 5 





































